$ 1 0.000005 5.934295036739208 39 5 50 5e-11
v 304 320 304 272 0 0 40 7.5 0 0 0.5
v 976 352 976 304 0 0 40 12.6 0 0 0.5
w 304 80 304 272 0
f 544 336 544 384 32 3 242
w 304 336 304 384 0
r 496 384 496 320 0 1000000
w 528 384 496 384 0
w 544 320 544 336 0
r 496 208 496 160 0 2500
r 544 208 544 160 0 5000
w 464 384 496 384 0
S 512 320 512 272 0 1 false 0 2
w 544 272 528 272 0
v 368 288 400 288 0 0 40 4.5 0 0 0.5
w 496 320 512 320 0
w 512 320 544 320 0
r 928 192 928 288 0 0.000001
w 928 384 976 384 0
S 944 144 944 192 0 0 false 0 3
w 960 192 976 192 0
w 304 80 576 80 0
w 944 80 944 144 0
f 704 320 704 384 40 3 242
w 560 384 592 384 0
r 752 384 752 320 0 1000000
S 624 272 624 224 0 1 false 0 2
r 608 208 608 160 0 1000000
r 656 224 656 160 0 5000
w 368 160 368 288 0
w 656 128 544 128 0
w 544 128 400 128 0
f 592 288 624 288 33 3 242
w 624 304 624 320 0
w 704 320 656 320 0
w 592 288 576 288 0
w 576 288 576 160 0
w 608 160 576 160 0
p 800 320 800 384 3 0 0
w 752 320 704 320 0
p 256 272 256 320 1 0 0
w 256 272 304 272 0
w 304 320 256 320 0
p 400 336 368 336 1 0 0
p 1008 304 1008 352 1 0 0
w 1008 304 976 304 0
w 1008 352 976 352 0
w 976 352 976 384 0
p 656 432 752 432 3 0 0
w 752 432 752 384 0
w 656 432 656 384 0
w 624 320 656 320 0
w 656 384 688 384 0
w 720 384 752 384 0
w 752 384 800 384 0
w 800 384 928 384 0
w 800 320 752 320 0
r 368 384 464 384 0 0.008
w 304 384 368 384 0
p 560 288 560 352 3 0 0
r 976 272 976 208 0 8.78022
w 976 192 976 208 0
w 976 272 976 304 0
w 608 208 608 224 0
w 304 320 304 336 0
w 560 352 624 352 0
w 624 352 624 320 0
w 576 288 560 288 0
p 496 432 592 432 3 0 0
w 592 384 592 432 0
w 592 384 656 384 0
w 496 432 496 384 0
w 928 384 928 288 0
w 640 224 656 224 0
w 544 272 544 208 0
w 400 128 400 288 0
w 576 160 496 160 0
w 496 160 368 160 0
w 496 208 496 272 0
w 400 336 400 288 0
w 368 288 368 336 0
x 526 212 537 215 4 10 on
x 473 213 483 216 4 10 off
x 637 212 648 215 4 10 on
x 589 213 599 216 4 10 off
w 544 128 544 160 0
w 656 128 656 160 0
w 368 336 368 384 0
p 368 544 464 544 3 0 0
c 368 496 464 496 0 1.0000000000000001e-7 0.004639566269028006 1e-12
c 464 496 544 496 0 1.0000000000000001e-7 -0.00463956626902801 1e-12
c 368 496 304 496 0 1.0000000000000001e-7 -3.915174511753211e-18 1e-12
w 368 544 368 496 0
w 464 544 464 496 0
w 304 496 304 384 0
370 640 80 576 80 1 0 0
w 640 80 944 80 0
r 464 416 464 464 0 100
w 464 384 464 416 0
w 464 464 464 496 0
r 368 416 368 464 0 100
w 368 416 368 384 0
w 368 464 368 496 0
r 368 592 464 592 0 1e-12
w 544 592 464 592 0
w 368 592 304 592 0
p 320 544 368 544 3 0 0
w 304 496 304 544 0
w 304 544 304 592 0
p 544 544 464 544 3 0 0
w 544 496 544 544 0
w 544 544 544 592 0
w 320 544 304 544 0
p 368 416 464 416 3 0 0
38 16 F1 0 0.000001 100 -1 Resistance
38 59 F1 0 0.191 15 -1 Resistance
