$ 1 0.000005 0.910053618607165 97 5 50 5e-11
v 400 672 400 576 0 0 40 3.7 0 0 0.5
v 400 544 400 464 0 0 40 3.7 0 0 0.5
v 400 448 400 352 0 0 40 3.7 0 0 0.5
r 464 352 528 352 0 50
r 464 576 528 576 0 50
r 464 672 528 672 0 50
r 464 464 528 464 0 50
w 400 352 464 352 0
s 784 464 784 576 0 1 false
s 784 352 784 464 0 1 false
s 768 576 768 672 0 1 false
w 400 576 464 576 0
w 400 672 464 672 0
w 400 448 400 464 0
w 400 464 464 464 0
c 624 672 624 576 0 0.000001 -3.6999999999499753 1e-12
w 400 544 400 576 0
w 528 672 624 672 1
w 624 576 528 576 1
c 624 576 624 464 0 0.000001 -3.7000000000000415 1e-12
w 624 464 528 464 1
c 624 464 624 352 0 0.000001 -3.69999999994996 1e-12
w 528 352 624 352 1
p 704 352 704 464 3 0 0
p 704 464 704 576 3 0 0
p 704 576 704 672 3 0 0
w 768 672 704 672 0
w 704 672 624 672 0
w 624 576 704 576 0
w 704 576 768 576 0
w 624 464 704 464 0
w 704 464 768 464 0
w 768 352 704 352 0
w 704 352 624 352 0
p 848 352 848 672 3 0 0
w 768 352 784 352 0
w 768 672 816 672 0
34 fwdrop\q0.806 1 1e-12 0 0.9794643254470821 0 1
d 816 672 816 576 2 fwdrop\q0.806
w 784 576 768 576 0
w 816 672 848 672 0
34 fwdrop\q0.7 1 1e-12 0 0.9794643254470821 0 1
d 816 576 816 464 2 fwdrop\q0.7
w 816 464 768 464 0
34 fwdrop\q0.7-2 1 1e-12 0 0.9794643254470821 0 1
d 816 464 816 352 2 fwdrop\q0.7-2
w 816 352 848 352 0
w 816 352 784 352 0
w 784 576 816 576 0
