$ 1 3.125e-7 11.086722712598126 66 5 50 5e-11
v 1088 496 1088 384 0 0 40 12.6 0 0 0.5
34 fwdrop\q1.25 1 2.5000000000000002e-8 0 3.0964964132751196 0 0.15
d 752 432 752 512 2 fwdrop\q1.25
r 800 432 800 512 0 10000
w 752 432 800 432 0
w 800 432 944 432 0
w 752 512 800 512 0
r 752 544 752 608 0 100
w 752 512 752 544 0
w 752 816 944 816 0
370 944 544 944 464 1 0 0
w 944 464 944 432 0
w 944 656 944 816 0
r 752 688 752 768 0 60000
w 752 608 752 688 0
w 752 768 752 816 0
c 672 688 672 768 0 0.000009999999999999999 13.403190989134368 0.001
w 672 688 752 688 0
w 672 768 752 768 0
p 816 688 816 768 3 0 0
w 752 688 816 688 0
w 752 768 816 768 0
v 944 656 944 544 0 1 10 2 12.6 0 0.5
w 944 544 1040 544 0
w 1040 656 944 656 0
p 1120 544 1120 656 3 0 0
w 1040 656 1120 656 0
w 1040 544 1120 544 0
