$ 1 0.000005 0.14549914146182014 77 5 50 5e-11
v 304 336 304 256 0 0 40 12.6 0 0 0.5
v 976 336 976 256 0 0 40 12.6 0 0 0.5
w 304 80 304 256 0
f 544 336 544 384 32 1.5 0.02
w 304 336 304 384 0
r 496 384 496 320 0 1000000
w 528 384 496 384 0
w 544 320 544 336 0
r 496 272 496 208 0 2500
r 544 272 544 208 0 5000
w 496 208 464 208 0
w 464 208 464 384 0
w 304 384 464 384 0
w 464 384 496 384 0
S 512 320 512 272 0 0 false 0 2
w 544 272 528 272 0
v 432 336 432 256 0 0 40 12 0 0 0.5
w 432 256 432 176 0
w 544 176 544 208 0
w 496 320 512 320 0
w 512 320 544 320 0
r 928 192 928 384 0 5
w 928 384 976 384 0
S 944 144 944 192 0 0 false 0 2
w 960 192 976 192 0
w 304 80 944 80 1
w 944 80 944 144 0
f 704 320 704 384 40 1.5 0.02
w 560 384 608 384 0
r 752 384 752 320 0 1000000
S 624 272 624 224 0 0 false 0 2
r 608 224 608 160 0 1000000
r 656 224 656 160 0 5000
w 656 224 640 224 0
w 336 160 336 336 0
w 400 336 432 336 0
w 656 160 656 144 0
w 656 144 512 144 0
w 512 144 512 176 0
w 544 176 512 176 0
w 512 176 432 176 0
f 592 288 624 288 33 1.5 0.02
w 624 304 624 320 0
w 704 320 656 320 0
w 608 320 624 320 0
w 592 288 576 288 0
w 576 288 576 160 0
w 608 160 576 160 0
w 576 160 336 160 0
p 800 320 800 384 3 0 0
w 752 320 704 320 0
p 240 256 240 336 3 0 0
w 240 256 304 256 0
w 304 336 240 336 0
p 368 272 368 320 3 0 0
w 384 256 432 256 0
w 368 320 368 336 0
p 1024 256 1024 336 3 0 0
w 976 256 976 192 0
w 1024 256 976 256 0
w 1024 336 976 336 0
w 976 336 976 384 0
w 384 256 368 256 0
w 368 256 368 272 0
w 368 336 400 336 1
w 368 336 336 336 0
w 336 336 304 336 0
p 608 432 720 432 3 0 0
w 720 432 720 384 0
w 608 432 608 384 0
p 608 320 608 384 3 0 0
w 624 320 656 320 0
w 656 384 688 384 0
w 720 384 752 384 0
34 zener-5.6 1 7e-8 0 1.6427299662745949 17 1
z 896 384 896 320 2 zener-5.6
w 608 384 656 384 0
w 752 384 800 384 0
w 896 384 928 384 0
w 800 384 896 384 0
s 800 320 896 320 0 0 false
w 800 320 752 320 0
w 528 384 528 400 0
w 560 400 560 384 0
s 528 432 576 432 0 1 false
w 528 400 528 432 0
w 560 400 576 400 0
w 576 400 576 432 0
